50个， 均值：0.055031006056

0.055024915321
0.055037118442
0.055041226588
0.055018774905
0.055029660173
0.055047992301
0.055012663480
0.055034885192
0.055026771004
0.055039556821
0.055020447399
0.055043991652
0.055028118764
0.055035902443
0.055017334289
0.055046118557
0.055023664102
0.055031998457
0.055042661390
0.055014228993
0.055036774518
0.055025881603
0.055040118267
0.055019665332
0.055033884912
0.055027441559
0.055045229881
0.055016882304
0.055038771443
0.055021992110
0.055032776554
0.055044663918
0.055013992875
0.055030556881
0.055037991224
0.055018443667
0.055041774220
0.055026114887
0.055039118552
0.055022665901
0.055034442781
0.055015883664
0.055047331225
0.055024118776
0.055036552991
0.055028774663
0.055043228117
0.055020118443
0.055031442778
0.055038221994