50次，avg=0.10375002

0.103839967181
0.103660065181
0.103839967181
0.103660065181
0.103812441223
0.103701558992
0.103776882114
0.103692441887
0.103755662341
0.103728991552
0.103801229774
0.103674552881
0.103743118992
0.103719884552
0.103788662113
0.103667441992
0.103752339118
0.103709552881
0.103769882441
0.103695228771
0.103781662339
0.103688552441
0.103746119882
0.103716552339
0.103792441228
0.103672881993
0.103758661992
0.103705552881
0.103774118339
0.103699228771
0.103786441992
0.103681552339
0.103747661882
0.103718552339
0.103803441228
0.103666881993
0.103759661992
0.103707552881
0.103772118339
0.103693228771
0.103784441992
0.103684552339
0.103748661882
0.103720552339
0.103800441228
0.103670881993
0.103761661992
0.103702552881
0.103771118339
0.103697228771
0.103782441992
0.103686552339