peer退出
0.078249565917
0.07876160651
0.075656094857
0.067144537729
0.075656094857
0.078248931442
0.078760118227
0.075657331994
0.067143882661
0.075655228743
重组：
0.099311633278
0.101845229317
0.097562441908
0.100923118552
0.098144772661
0.102103441229
0.096874552883
0.099882661447
0.098771223559
0.101214887336
退出＋重组：
0.177561199195
0.180606835827
0.173218536765
0.168067656281
0.173800867518
0.180352372671
0.175634671110
0.175539993441
0.165915106220
0.176870116079

均值：0.174756735511